{
  "nbformat": 4,
  "nbformat_minor": 0,
  "metadata": {
    "colab": {
      "name": "Multivariate Exam.ipynb",
      "provenance": [],
      "include_colab_link": true
    },
    "kernelspec": {
      "name": "python3",
      "display_name": "Python 3"
    },
    "language_info": {
      "name": "python"
    }
  },
  "cells": [
    {
      "cell_type": "markdown",
      "metadata": {
        "id": "view-in-github",
        "colab_type": "text"
      },
      "source": [
        "<a href=\"https://colab.research.google.com/github/kittimaxz/multivariate/blob/main/Multivariate_Exam.ipynb\" target=\"_parent\"><img src=\"https://colab.research.google.com/assets/colab-badge.svg\" alt=\"Open In Colab\"/></a>"
      ]
    },
    {
      "cell_type": "markdown",
      "metadata": {
        "id": "JZxiNADfaDtv"
      },
      "source": [
        "ให้นักศึกษาทำข้อสอบใน Colab Notebook นี้โดยกรอกข้อมูลของตัวเองใน cell ที่ 2 แล้วรัน cell ที่ 1 - 5 และเริ่มทำข้อสอบใน cell ที่ 6 เป็นต้นไป\n",
        "\n",
        "โดยโจทย์คือ\n",
        "1. ข้อมูลโจทย์ อยู่ใน ตัวแปร ```Data```\n",
        "2. ทำ clustering แล้วทำ visualize ข้อมูลแบบ 2 มิติ\n",
        "3. ลด Dimension ของข้อมูลเหลือ 2 มิติ แล้วทำ clustering แล้ว visualize ข้อมูลแบบ 2 มิติ\n",
        "4. เปรียบเทียบความแตกต่างของผลข้อ 2. กับ ข้อ 3.\n",
        "5. เขียน comments อธิบายทุกขั้นตอน\n",
        "6. อัด video อธิบาย code ทุกๆขั้นตอนรวมถึงผลแล้วอัพลง youtube ในรูปแบบ unlist \n",
        "7. commit โดยใช้ชื่อ commit เป็น link youtube ที่อธิบาย code ในข้อ 6.\n",
        "\n",
        "กำหนดส่งวันที่ 2 พฤษภาคม 2564 (โดยให้มากรอกวันที่ commit ครั้งสุดท้ายใน sheet: https://docs.google.com/spreadsheets/d/1_qJwLDJVtOW1HxBcf_FHVc6UT4J_SOonuR6o3EEnVzw/edit?usp=sharing ช่อง Final)"
      ]
    },
    {
      "cell_type": "code",
      "metadata": {
        "id": "cWl2x1bPGtQl"
      },
      "source": [
        "from sklearn.datasets import make_blobs\n",
        "import random,math\n",
        "import numpy as np\n",
        "import pandas"
      ],
      "execution_count": 77,
      "outputs": []
    },
    {
      "cell_type": "code",
      "metadata": {
        "id": "gZfzuiHsZksh"
      },
      "source": [
        "Name = 'กิตติมา อุปสุข'\n",
        "ID = '6230210409'"
      ],
      "execution_count": 78,
      "outputs": []
    },
    {
      "cell_type": "code",
      "metadata": {
        "id": "8hFQXkF5aAiA"
      },
      "source": [
        "def DataGenerator(name,id):\n",
        "    random.seed(int(id[3:6]))\n",
        "    numfeat = random.randint(20,30)\n",
        "    ct = random.randint(len(name)-6,len(name))\n",
        "    \n",
        "    X, y = make_blobs(n_samples=10000, centers=ct, n_features=numfeat , random_state=int(id[3:6]))\n",
        "\n",
        "    print(f'{id[3:6]}:{numfeat}:{ct}')\n",
        "    X_t = (X[:,1]*2)+int(id[3])\n",
        "    X_t2 = (X[:,-1]*5)+int(id[4])\n",
        "\n",
        "    DT = np.append(X,X_t.reshape([10000,1]),axis=1)\n",
        "    DT = np.append(DT,X_t2.reshape([10000,1]),axis=1)\n",
        "    \n",
        "    return pandas.DataFrame(DT)"
      ],
      "execution_count": 79,
      "outputs": []
    },
    {
      "cell_type": "code",
      "metadata": {
        "colab": {
          "base_uri": "https://localhost:8080/"
        },
        "id": "hbXlxumSBX9i",
        "outputId": "8ac079a2-a495-4b4d-b874-db92feb36750"
      },
      "source": [
        "Data = DataGenerator(Name,ID)"
      ],
      "execution_count": 80,
      "outputs": [
        {
          "output_type": "stream",
          "text": [
            "021:22:11\n"
          ],
          "name": "stdout"
        }
      ]
    },
    {
      "cell_type": "code",
      "metadata": {
        "colab": {
          "base_uri": "https://localhost:8080/",
          "height": 422
        },
        "id": "pQcCySXvBdN-",
        "outputId": "76dbca5a-889e-4d06-e258-828fb7b82c21"
      },
      "source": [
        "Data"
      ],
      "execution_count": 81,
      "outputs": [
        {
          "output_type": "execute_result",
          "data": {
            "text/html": [
              "<div>\n",
              "<style scoped>\n",
              "    .dataframe tbody tr th:only-of-type {\n",
              "        vertical-align: middle;\n",
              "    }\n",
              "\n",
              "    .dataframe tbody tr th {\n",
              "        vertical-align: top;\n",
              "    }\n",
              "\n",
              "    .dataframe thead th {\n",
              "        text-align: right;\n",
              "    }\n",
              "</style>\n",
              "<table border=\"1\" class=\"dataframe\">\n",
              "  <thead>\n",
              "    <tr style=\"text-align: right;\">\n",
              "      <th></th>\n",
              "      <th>0</th>\n",
              "      <th>1</th>\n",
              "      <th>2</th>\n",
              "      <th>3</th>\n",
              "      <th>4</th>\n",
              "      <th>5</th>\n",
              "      <th>6</th>\n",
              "      <th>7</th>\n",
              "      <th>8</th>\n",
              "      <th>9</th>\n",
              "      <th>10</th>\n",
              "      <th>11</th>\n",
              "      <th>12</th>\n",
              "      <th>13</th>\n",
              "      <th>14</th>\n",
              "      <th>15</th>\n",
              "      <th>16</th>\n",
              "      <th>17</th>\n",
              "      <th>18</th>\n",
              "      <th>19</th>\n",
              "      <th>20</th>\n",
              "      <th>21</th>\n",
              "      <th>22</th>\n",
              "      <th>23</th>\n",
              "    </tr>\n",
              "  </thead>\n",
              "  <tbody>\n",
              "    <tr>\n",
              "      <th>0</th>\n",
              "      <td>-0.889351</td>\n",
              "      <td>-3.687852</td>\n",
              "      <td>5.854784</td>\n",
              "      <td>-3.415873</td>\n",
              "      <td>-5.610665</td>\n",
              "      <td>-2.582173</td>\n",
              "      <td>3.694650</td>\n",
              "      <td>-5.062654</td>\n",
              "      <td>-4.586200</td>\n",
              "      <td>6.457132</td>\n",
              "      <td>2.304650</td>\n",
              "      <td>4.329046</td>\n",
              "      <td>7.206710</td>\n",
              "      <td>-5.144610</td>\n",
              "      <td>-1.245484</td>\n",
              "      <td>-7.250447</td>\n",
              "      <td>9.249019</td>\n",
              "      <td>4.797001</td>\n",
              "      <td>5.020432</td>\n",
              "      <td>-3.889117</td>\n",
              "      <td>8.994408</td>\n",
              "      <td>-11.231579</td>\n",
              "      <td>-7.375703</td>\n",
              "      <td>-54.157893</td>\n",
              "    </tr>\n",
              "    <tr>\n",
              "      <th>1</th>\n",
              "      <td>6.888596</td>\n",
              "      <td>-6.324905</td>\n",
              "      <td>-5.740092</td>\n",
              "      <td>5.299575</td>\n",
              "      <td>-2.842515</td>\n",
              "      <td>2.372734</td>\n",
              "      <td>7.933971</td>\n",
              "      <td>-9.659946</td>\n",
              "      <td>6.361068</td>\n",
              "      <td>-10.214856</td>\n",
              "      <td>0.338380</td>\n",
              "      <td>-1.412124</td>\n",
              "      <td>3.624184</td>\n",
              "      <td>4.602672</td>\n",
              "      <td>-8.628475</td>\n",
              "      <td>-7.482172</td>\n",
              "      <td>-0.471848</td>\n",
              "      <td>5.111467</td>\n",
              "      <td>-7.731085</td>\n",
              "      <td>2.441740</td>\n",
              "      <td>-7.366802</td>\n",
              "      <td>-1.858061</td>\n",
              "      <td>-12.649810</td>\n",
              "      <td>-7.290306</td>\n",
              "    </tr>\n",
              "    <tr>\n",
              "      <th>2</th>\n",
              "      <td>8.017362</td>\n",
              "      <td>8.473604</td>\n",
              "      <td>3.038962</td>\n",
              "      <td>-6.893468</td>\n",
              "      <td>-7.191756</td>\n",
              "      <td>-2.181812</td>\n",
              "      <td>-8.602517</td>\n",
              "      <td>1.635662</td>\n",
              "      <td>-4.501795</td>\n",
              "      <td>-8.114539</td>\n",
              "      <td>-6.316734</td>\n",
              "      <td>-4.982942</td>\n",
              "      <td>1.302537</td>\n",
              "      <td>-2.022844</td>\n",
              "      <td>0.086704</td>\n",
              "      <td>-2.306383</td>\n",
              "      <td>-8.802485</td>\n",
              "      <td>-6.781084</td>\n",
              "      <td>-3.476832</td>\n",
              "      <td>-4.668904</td>\n",
              "      <td>-9.690799</td>\n",
              "      <td>5.240675</td>\n",
              "      <td>16.947207</td>\n",
              "      <td>28.203376</td>\n",
              "    </tr>\n",
              "    <tr>\n",
              "      <th>3</th>\n",
              "      <td>-5.259314</td>\n",
              "      <td>7.534503</td>\n",
              "      <td>7.437431</td>\n",
              "      <td>4.414411</td>\n",
              "      <td>-0.059253</td>\n",
              "      <td>-7.445860</td>\n",
              "      <td>-4.424710</td>\n",
              "      <td>-3.564299</td>\n",
              "      <td>-3.465228</td>\n",
              "      <td>-0.862653</td>\n",
              "      <td>2.011504</td>\n",
              "      <td>-4.724475</td>\n",
              "      <td>6.885026</td>\n",
              "      <td>4.804179</td>\n",
              "      <td>7.909228</td>\n",
              "      <td>-4.198045</td>\n",
              "      <td>4.079989</td>\n",
              "      <td>2.923757</td>\n",
              "      <td>-2.001206</td>\n",
              "      <td>-2.269056</td>\n",
              "      <td>6.894771</td>\n",
              "      <td>1.137825</td>\n",
              "      <td>15.069006</td>\n",
              "      <td>7.689124</td>\n",
              "    </tr>\n",
              "    <tr>\n",
              "      <th>4</th>\n",
              "      <td>11.803001</td>\n",
              "      <td>-5.373877</td>\n",
              "      <td>-6.309848</td>\n",
              "      <td>5.999780</td>\n",
              "      <td>-2.165905</td>\n",
              "      <td>3.767224</td>\n",
              "      <td>8.701775</td>\n",
              "      <td>-8.471486</td>\n",
              "      <td>5.789175</td>\n",
              "      <td>-9.041266</td>\n",
              "      <td>0.967662</td>\n",
              "      <td>-0.752092</td>\n",
              "      <td>4.443130</td>\n",
              "      <td>3.572116</td>\n",
              "      <td>-9.602990</td>\n",
              "      <td>-7.327553</td>\n",
              "      <td>2.603626</td>\n",
              "      <td>3.287083</td>\n",
              "      <td>-6.879058</td>\n",
              "      <td>1.562324</td>\n",
              "      <td>-6.132335</td>\n",
              "      <td>-0.672218</td>\n",
              "      <td>-10.747753</td>\n",
              "      <td>-1.361092</td>\n",
              "    </tr>\n",
              "    <tr>\n",
              "      <th>...</th>\n",
              "      <td>...</td>\n",
              "      <td>...</td>\n",
              "      <td>...</td>\n",
              "      <td>...</td>\n",
              "      <td>...</td>\n",
              "      <td>...</td>\n",
              "      <td>...</td>\n",
              "      <td>...</td>\n",
              "      <td>...</td>\n",
              "      <td>...</td>\n",
              "      <td>...</td>\n",
              "      <td>...</td>\n",
              "      <td>...</td>\n",
              "      <td>...</td>\n",
              "      <td>...</td>\n",
              "      <td>...</td>\n",
              "      <td>...</td>\n",
              "      <td>...</td>\n",
              "      <td>...</td>\n",
              "      <td>...</td>\n",
              "      <td>...</td>\n",
              "      <td>...</td>\n",
              "      <td>...</td>\n",
              "      <td>...</td>\n",
              "    </tr>\n",
              "    <tr>\n",
              "      <th>9995</th>\n",
              "      <td>9.386310</td>\n",
              "      <td>0.143661</td>\n",
              "      <td>7.034918</td>\n",
              "      <td>8.043940</td>\n",
              "      <td>6.736725</td>\n",
              "      <td>6.999241</td>\n",
              "      <td>4.103643</td>\n",
              "      <td>-2.564332</td>\n",
              "      <td>-3.517837</td>\n",
              "      <td>6.354337</td>\n",
              "      <td>-7.514451</td>\n",
              "      <td>-2.221127</td>\n",
              "      <td>-5.829928</td>\n",
              "      <td>2.024862</td>\n",
              "      <td>6.591702</td>\n",
              "      <td>-3.938688</td>\n",
              "      <td>6.786948</td>\n",
              "      <td>5.749472</td>\n",
              "      <td>2.184205</td>\n",
              "      <td>-5.268825</td>\n",
              "      <td>6.337545</td>\n",
              "      <td>-0.350062</td>\n",
              "      <td>0.287322</td>\n",
              "      <td>0.249688</td>\n",
              "    </tr>\n",
              "    <tr>\n",
              "      <th>9996</th>\n",
              "      <td>-5.933911</td>\n",
              "      <td>7.865360</td>\n",
              "      <td>7.554697</td>\n",
              "      <td>5.966666</td>\n",
              "      <td>-0.086257</td>\n",
              "      <td>-5.588988</td>\n",
              "      <td>-3.534003</td>\n",
              "      <td>-2.527750</td>\n",
              "      <td>-4.761734</td>\n",
              "      <td>-0.426129</td>\n",
              "      <td>1.003535</td>\n",
              "      <td>-6.136890</td>\n",
              "      <td>5.449768</td>\n",
              "      <td>3.955082</td>\n",
              "      <td>6.685563</td>\n",
              "      <td>-6.451825</td>\n",
              "      <td>3.396171</td>\n",
              "      <td>3.630983</td>\n",
              "      <td>-1.397212</td>\n",
              "      <td>-3.044932</td>\n",
              "      <td>5.194200</td>\n",
              "      <td>1.544812</td>\n",
              "      <td>15.730721</td>\n",
              "      <td>9.724062</td>\n",
              "    </tr>\n",
              "    <tr>\n",
              "      <th>9997</th>\n",
              "      <td>-9.191507</td>\n",
              "      <td>-5.048968</td>\n",
              "      <td>4.294216</td>\n",
              "      <td>-9.342154</td>\n",
              "      <td>-7.362920</td>\n",
              "      <td>-9.229852</td>\n",
              "      <td>-4.192468</td>\n",
              "      <td>3.754275</td>\n",
              "      <td>-2.734278</td>\n",
              "      <td>4.230375</td>\n",
              "      <td>-9.031066</td>\n",
              "      <td>7.426534</td>\n",
              "      <td>-6.797743</td>\n",
              "      <td>-5.650139</td>\n",
              "      <td>2.036746</td>\n",
              "      <td>8.826735</td>\n",
              "      <td>5.432167</td>\n",
              "      <td>9.468526</td>\n",
              "      <td>6.800718</td>\n",
              "      <td>-1.900056</td>\n",
              "      <td>-3.067357</td>\n",
              "      <td>3.287883</td>\n",
              "      <td>-10.097935</td>\n",
              "      <td>18.439417</td>\n",
              "    </tr>\n",
              "    <tr>\n",
              "      <th>9998</th>\n",
              "      <td>-2.169208</td>\n",
              "      <td>11.419935</td>\n",
              "      <td>-5.335483</td>\n",
              "      <td>3.089792</td>\n",
              "      <td>8.711882</td>\n",
              "      <td>6.311260</td>\n",
              "      <td>-4.494053</td>\n",
              "      <td>11.339766</td>\n",
              "      <td>-1.473491</td>\n",
              "      <td>10.446842</td>\n",
              "      <td>-9.495673</td>\n",
              "      <td>9.596118</td>\n",
              "      <td>5.562927</td>\n",
              "      <td>-7.996054</td>\n",
              "      <td>4.785754</td>\n",
              "      <td>-5.670202</td>\n",
              "      <td>1.141286</td>\n",
              "      <td>0.046121</td>\n",
              "      <td>-7.345678</td>\n",
              "      <td>5.898585</td>\n",
              "      <td>8.302183</td>\n",
              "      <td>2.210728</td>\n",
              "      <td>22.839871</td>\n",
              "      <td>13.053641</td>\n",
              "    </tr>\n",
              "    <tr>\n",
              "      <th>9999</th>\n",
              "      <td>-1.127325</td>\n",
              "      <td>7.843972</td>\n",
              "      <td>-4.099255</td>\n",
              "      <td>4.558747</td>\n",
              "      <td>7.852268</td>\n",
              "      <td>5.034660</td>\n",
              "      <td>-4.552104</td>\n",
              "      <td>8.939836</td>\n",
              "      <td>-1.925336</td>\n",
              "      <td>6.983523</td>\n",
              "      <td>-8.159121</td>\n",
              "      <td>7.927639</td>\n",
              "      <td>7.834505</td>\n",
              "      <td>-9.620846</td>\n",
              "      <td>3.095374</td>\n",
              "      <td>-6.055264</td>\n",
              "      <td>0.180302</td>\n",
              "      <td>-1.477641</td>\n",
              "      <td>-9.056913</td>\n",
              "      <td>5.848816</td>\n",
              "      <td>7.980008</td>\n",
              "      <td>0.949692</td>\n",
              "      <td>15.687945</td>\n",
              "      <td>6.748462</td>\n",
              "    </tr>\n",
              "  </tbody>\n",
              "</table>\n",
              "<p>10000 rows × 24 columns</p>\n",
              "</div>"
            ],
            "text/plain": [
              "             0          1         2   ...         21         22         23\n",
              "0     -0.889351  -3.687852  5.854784  ... -11.231579  -7.375703 -54.157893\n",
              "1      6.888596  -6.324905 -5.740092  ...  -1.858061 -12.649810  -7.290306\n",
              "2      8.017362   8.473604  3.038962  ...   5.240675  16.947207  28.203376\n",
              "3     -5.259314   7.534503  7.437431  ...   1.137825  15.069006   7.689124\n",
              "4     11.803001  -5.373877 -6.309848  ...  -0.672218 -10.747753  -1.361092\n",
              "...         ...        ...       ...  ...        ...        ...        ...\n",
              "9995   9.386310   0.143661  7.034918  ...  -0.350062   0.287322   0.249688\n",
              "9996  -5.933911   7.865360  7.554697  ...   1.544812  15.730721   9.724062\n",
              "9997  -9.191507  -5.048968  4.294216  ...   3.287883 -10.097935  18.439417\n",
              "9998  -2.169208  11.419935 -5.335483  ...   2.210728  22.839871  13.053641\n",
              "9999  -1.127325   7.843972 -4.099255  ...   0.949692  15.687945   6.748462\n",
              "\n",
              "[10000 rows x 24 columns]"
            ]
          },
          "metadata": {
            "tags": []
          },
          "execution_count": 81
        }
      ]
    },
    {
      "cell_type": "markdown",
      "metadata": {
        "id": "RR-2aGnPQ44j"
      },
      "source": [
        "เตรียมข้อมูลก่อนที่จะนำไปใช้ โดยการตัดตัวที่มี correlation กันออกไปก่อน เพื่อลดข้อมูลที่เหมือนกันออกจาก  Data"
      ]
    },
    {
      "cell_type": "code",
      "metadata": {
        "id": "bcx1VoaTQxWX",
        "colab": {
          "base_uri": "https://localhost:8080/"
        },
        "outputId": "b0610195-225b-4cd5-922e-b9c162f8e5e8"
      },
      "source": [
        "Data.shape ###ดูขนาดของข้อมูล Data"
      ],
      "execution_count": 82,
      "outputs": [
        {
          "output_type": "execute_result",
          "data": {
            "text/plain": [
              "(10000, 24)"
            ]
          },
          "metadata": {
            "tags": []
          },
          "execution_count": 82
        }
      ]
    },
    {
      "cell_type": "code",
      "metadata": {
        "id": "57HzdT5URONK"
      },
      "source": [
        "corr=np.corrcoef(Data.to_numpy().T) ###คำสั่งในการสร้างเมทริกซ์สหสัมพันธ์"
      ],
      "execution_count": 83,
      "outputs": []
    },
    {
      "cell_type": "code",
      "metadata": {
        "id": "pocdnfu2Rh__",
        "colab": {
          "base_uri": "https://localhost:8080/"
        },
        "outputId": "9f41f60c-ef76-45f3-9f3a-14675255dff4"
      },
      "source": [
        "corr.shape ###ดูขนาดของ corrcoef ของ Data"
      ],
      "execution_count": 84,
      "outputs": [
        {
          "output_type": "execute_result",
          "data": {
            "text/plain": [
              "(24, 24)"
            ]
          },
          "metadata": {
            "tags": []
          },
          "execution_count": 84
        }
      ]
    },
    {
      "cell_type": "code",
      "metadata": {
        "id": "4j7UmMBUumYR",
        "outputId": "66ac6e5f-3b74-4bd0-a9bb-92eca48ab297",
        "colab": {
          "base_uri": "https://localhost:8080/"
        }
      },
      "source": [
        "corr ###ค่าสหสัมพันธ์ที่ได้"
      ],
      "execution_count": 164,
      "outputs": [
        {
          "output_type": "execute_result",
          "data": {
            "text/plain": [
              "array([[ 1.00000000e+00,  9.94463891e-02, -9.57660187e-02,\n",
              "         2.82533013e-01,  1.64011618e-01,  6.01548628e-01,\n",
              "         5.04452766e-02, -1.42144593e-01,  4.72085479e-01,\n",
              "        -2.58969172e-01,  1.00345079e-01, -2.88065501e-01,\n",
              "        -2.14663110e-02,  4.85179880e-01,  4.90147099e-02,\n",
              "        -4.32820010e-01, -2.85484783e-01, -2.38789975e-01,\n",
              "        -2.00455765e-01, -2.29952379e-01, -3.38677182e-01,\n",
              "        -2.25754866e-01,  9.94463891e-02, -2.25754866e-01],\n",
              "       [ 9.94463891e-02,  1.00000000e+00,  6.05310418e-02,\n",
              "         1.66262231e-01,  5.59336761e-01,  2.27874430e-02,\n",
              "        -6.61631955e-01,  5.76150086e-01, -9.60664944e-02,\n",
              "         7.88940961e-02, -3.15495479e-01, -2.87149415e-01,\n",
              "         1.35210471e-01,  3.21660267e-02,  2.59174583e-01,\n",
              "        -3.16824945e-01, -5.19267930e-01, -2.00713616e-01,\n",
              "        -2.71882791e-01,  2.27367673e-01, -9.24603774e-02,\n",
              "         2.44604954e-01,  1.00000000e+00,  2.44604954e-01],\n",
              "       [-9.57660187e-02,  6.05310418e-02,  1.00000000e+00,\n",
              "        -7.26406714e-02, -3.02887261e-02, -3.57851802e-01,\n",
              "        -2.42104742e-01,  9.39487887e-02, -2.52065638e-01,\n",
              "         2.61501354e-01, -5.44102736e-02,  3.31391474e-02,\n",
              "        -4.59613246e-02,  1.69215429e-01,  6.75986927e-01,\n",
              "         2.51060982e-03, -4.22343405e-02,  2.50786374e-01,\n",
              "         4.04262212e-01, -4.05062991e-01,  2.54403100e-01,\n",
              "        -1.95276670e-01,  6.05310418e-02, -1.95276670e-01],\n",
              "       [ 2.82533013e-01,  1.66262231e-01, -7.26406714e-02,\n",
              "         1.00000000e+00,  5.33430409e-01,  3.31704612e-01,\n",
              "         3.71503845e-01, -4.82526947e-02,  3.38424878e-01,\n",
              "         5.51562317e-02,  1.06585479e-01, -1.64685389e-01,\n",
              "         3.12513848e-01,  3.32474093e-01,  1.11020495e-01,\n",
              "        -6.08629226e-01, -4.10454356e-02,  1.78396900e-01,\n",
              "        -2.81185001e-01,  4.92017083e-01,  2.26874955e-01,\n",
              "        -1.89213077e-01,  1.66262231e-01, -1.89213077e-01],\n",
              "       [ 1.64011618e-01,  5.59336761e-01, -3.02887261e-02,\n",
              "         5.33430409e-01,  1.00000000e+00,  4.84453654e-01,\n",
              "        -3.68667448e-01,  6.13711775e-01,  2.34551655e-01,\n",
              "         5.18115991e-01, -3.93581837e-01, -5.78989343e-02,\n",
              "        -2.30160759e-01,  2.52236523e-01,  2.76447503e-01,\n",
              "        -3.46415841e-01,  6.97849130e-02,  3.62152430e-01,\n",
              "        -5.97139225e-02,  3.00543340e-01,  2.32783909e-01,\n",
              "        -1.85905178e-01,  5.59336761e-01, -1.85905178e-01],\n",
              "       [ 6.01548628e-01,  2.27874430e-02, -3.57851802e-01,\n",
              "         3.31704612e-01,  4.84453654e-01,  1.00000000e+00,\n",
              "         9.17035299e-03,  2.84881236e-03,  3.91163092e-01,\n",
              "         2.87676211e-01, -1.93820437e-02, -4.11950583e-02,\n",
              "        -3.02113130e-01,  3.64271559e-01,  1.58560850e-01,\n",
              "        -3.07199429e-02,  2.05213496e-01, -1.53779863e-01,\n",
              "        -2.81782198e-01, -2.33613812e-01,  2.27027570e-01,\n",
              "        -1.81685367e-01,  2.27874430e-02, -1.81685367e-01],\n",
              "       [ 5.04452766e-02, -6.61631955e-01, -2.42104742e-01,\n",
              "         3.71503845e-01, -3.68667448e-01,  9.17035299e-03,\n",
              "         1.00000000e+00, -6.36583618e-01, -3.38222657e-02,\n",
              "        -3.07972298e-01,  4.58783313e-01,  2.81376746e-03,\n",
              "         3.10188190e-01, -1.58268270e-01, -3.67440877e-01,\n",
              "        -1.50918013e-01,  3.11054972e-01, -7.95068324e-03,\n",
              "         1.06236324e-01,  2.31690725e-01,  9.05835772e-02,\n",
              "        -1.91140661e-01, -6.61631955e-01, -1.91140661e-01],\n",
              "       [-1.42144593e-01,  5.76150086e-01,  9.39487887e-02,\n",
              "        -4.82526947e-02,  6.13711775e-01,  2.84881236e-03,\n",
              "        -6.36583618e-01,  1.00000000e+00, -2.34140070e-02,\n",
              "         5.03262299e-01, -7.36152630e-01,  3.86152581e-01,\n",
              "        -2.33559499e-01, -2.75589239e-01,  2.69849773e-01,\n",
              "        -5.37406568e-02, -2.89814028e-01,  2.49547355e-01,\n",
              "        -3.81029960e-02,  3.06415696e-01,  4.49302566e-02,\n",
              "         1.19301183e-01,  5.76150086e-01,  1.19301183e-01],\n",
              "       [ 4.72085479e-01, -9.60664944e-02, -2.52065638e-01,\n",
              "         3.38424878e-01,  2.34551655e-01,  3.91163092e-01,\n",
              "        -3.38222657e-02, -2.34140070e-02,  1.00000000e+00,\n",
              "        -9.47833261e-02,  4.75391489e-02,  9.57950637e-02,\n",
              "        -5.29715137e-02,  6.18926241e-01, -9.08821160e-02,\n",
              "        -2.97175194e-01, -1.39036032e-01,  2.11304746e-01,\n",
              "        -4.22956973e-01,  1.14962126e-01, -2.49961249e-01,\n",
              "        -1.89823488e-01, -9.60664944e-02, -1.89823488e-01],\n",
              "       [-2.58969172e-01,  7.88940961e-02,  2.61501354e-01,\n",
              "         5.51562317e-02,  5.18115991e-01,  2.87676211e-01,\n",
              "        -3.07972298e-01,  5.03262299e-01, -9.47833261e-02,\n",
              "         1.00000000e+00, -4.33887118e-01,  4.50680326e-01,\n",
              "        -2.07842530e-01, -6.07773671e-02,  4.50055539e-01,\n",
              "         9.15308056e-02,  3.55958108e-01,  4.08585034e-01,\n",
              "         2.42239487e-02, -1.22002092e-01,  7.23694329e-01,\n",
              "        -3.42564931e-01,  7.88940961e-02, -3.42564931e-01],\n",
              "       [ 1.00345079e-01, -3.15495479e-01, -5.44102736e-02,\n",
              "         1.06585479e-01, -3.93581837e-01, -1.93820437e-02,\n",
              "         4.58783313e-01, -7.36152630e-01,  4.75391489e-02,\n",
              "        -4.33887118e-01,  1.00000000e+00, -2.08457117e-01,\n",
              "         4.29594709e-01,  1.45039144e-01, -5.44944403e-02,\n",
              "        -7.91166785e-02,  2.94437168e-01, -3.41647772e-01,\n",
              "         7.50769738e-02, -2.01758130e-01,  1.29675181e-01,\n",
              "        -2.86367573e-01, -3.15495479e-01, -2.86367573e-01],\n",
              "       [-2.88065501e-01, -2.87149415e-01,  3.31391474e-02,\n",
              "        -1.64685389e-01, -5.78989343e-02, -4.11950583e-02,\n",
              "         2.81376746e-03,  3.86152581e-01,  9.57950637e-02,\n",
              "         4.50680326e-01, -2.08457117e-01,  1.00000000e+00,\n",
              "         3.30112872e-02, -4.65781897e-01,  2.51444578e-01,\n",
              "         2.57631383e-01,  8.57833786e-06,  8.11685498e-02,\n",
              "        -1.44596514e-01,  8.99800957e-02,  4.03353369e-01,\n",
              "        -5.33584230e-02, -2.87149415e-01, -5.33584230e-02],\n",
              "       [-2.14663110e-02,  1.35210471e-01, -4.59613246e-02,\n",
              "         3.12513848e-01, -2.30160759e-01, -3.02113130e-01,\n",
              "         3.10188190e-01, -2.33559499e-01, -5.29715137e-02,\n",
              "        -2.07842530e-01,  4.29594709e-01,  3.30112872e-02,\n",
              "         1.00000000e+00, -2.04293916e-01, -1.20299853e-01,\n",
              "        -5.65519110e-01, -3.11176367e-01, -2.87536173e-01,\n",
              "        -3.97784972e-01,  3.61504099e-01,  1.37120083e-01,\n",
              "        -1.95421160e-01,  1.35210471e-01, -1.95421160e-01],\n",
              "       [ 4.85179880e-01,  3.21660267e-02,  1.69215429e-01,\n",
              "         3.32474093e-01,  2.52236523e-01,  3.64271559e-01,\n",
              "        -1.58268270e-01, -2.75589239e-01,  6.18926241e-01,\n",
              "        -6.07773671e-02,  1.45039144e-01, -4.65781897e-01,\n",
              "        -2.04293916e-01,  1.00000000e+00,  1.45857968e-01,\n",
              "        -2.43977200e-01,  3.98110670e-02,  2.47168673e-01,\n",
              "        -1.35549486e-01, -2.96079635e-01, -1.53512872e-01,\n",
              "        -2.33611612e-01,  3.21660267e-02, -2.33611612e-01],\n",
              "       [ 4.90147099e-02,  2.59174583e-01,  6.75986927e-01,\n",
              "         1.11020495e-01,  2.76447503e-01,  1.58560850e-01,\n",
              "        -3.67440877e-01,  2.69849773e-01, -9.08821160e-02,\n",
              "         4.50055539e-01, -5.44944403e-02,  2.51444578e-01,\n",
              "        -1.20299853e-01,  1.45857968e-01,  1.00000000e+00,\n",
              "         1.81990068e-01, -1.00483071e-01, -1.20000077e-01,\n",
              "         9.64720694e-03, -4.26454271e-01,  5.54734751e-01,\n",
              "         7.56570388e-03,  2.59174583e-01,  7.56570388e-03],\n",
              "       [-4.32820010e-01, -3.16824945e-01,  2.51060982e-03,\n",
              "        -6.08629226e-01, -3.46415841e-01, -3.07199429e-02,\n",
              "        -1.50918013e-01, -5.37406568e-02, -2.97175194e-01,\n",
              "         9.15308056e-02, -7.91166785e-02,  2.57631383e-01,\n",
              "        -5.65519110e-01, -2.43977200e-01,  1.81990068e-01,\n",
              "         1.00000000e+00,  2.54608107e-01, -2.27142672e-01,\n",
              "         1.62687756e-01, -4.61035873e-01,  1.64864822e-01,\n",
              "         4.97970366e-01, -3.16824945e-01,  4.97970366e-01],\n",
              "       [-2.85484783e-01, -5.19267930e-01, -4.22343405e-02,\n",
              "        -4.10454356e-02,  6.97849130e-02,  2.05213496e-01,\n",
              "         3.11054972e-01, -2.89814028e-01, -1.39036032e-01,\n",
              "         3.55958108e-01,  2.94437168e-01,  8.57833786e-06,\n",
              "        -3.11176367e-01,  3.98110670e-02, -1.00483071e-01,\n",
              "         2.54608107e-01,  1.00000000e+00,  3.99977740e-01,\n",
              "         5.39698407e-01, -2.24744840e-01,  4.50616825e-01,\n",
              "        -4.86475594e-01, -5.19267930e-01, -4.86475594e-01],\n",
              "       [-2.38789975e-01, -2.00713616e-01,  2.50786374e-01,\n",
              "         1.78396900e-01,  3.62152430e-01, -1.53779863e-01,\n",
              "        -7.95068324e-03,  2.49547355e-01,  2.11304746e-01,\n",
              "         4.08585034e-01, -3.41647772e-01,  8.11685498e-02,\n",
              "        -2.87536173e-01,  2.47168673e-01, -1.20000077e-01,\n",
              "        -2.27142672e-01,  3.99977740e-01,  1.00000000e+00,\n",
              "         4.10073057e-01,  2.45220931e-01,  3.31297670e-02,\n",
              "        -4.51628673e-01, -2.00713616e-01, -4.51628673e-01],\n",
              "       [-2.00455765e-01, -2.71882791e-01,  4.04262212e-01,\n",
              "        -2.81185001e-01, -5.97139225e-02, -2.81782198e-01,\n",
              "         1.06236324e-01, -3.81029960e-02, -4.22956973e-01,\n",
              "         2.42239487e-02,  7.50769738e-02, -1.44596514e-01,\n",
              "        -3.97784972e-01, -1.35549486e-01,  9.64720694e-03,\n",
              "         1.62687756e-01,  5.39698407e-01,  4.10073057e-01,\n",
              "         1.00000000e+00, -2.21171318e-01, -2.83727420e-02,\n",
              "        -3.02207182e-01, -2.71882791e-01, -3.02207182e-01],\n",
              "       [-2.29952379e-01,  2.27367673e-01, -4.05062991e-01,\n",
              "         4.92017083e-01,  3.00543340e-01, -2.33613812e-01,\n",
              "         2.31690725e-01,  3.06415696e-01,  1.14962126e-01,\n",
              "        -1.22002092e-01, -2.01758130e-01,  8.99800957e-02,\n",
              "         3.61504099e-01, -2.96079635e-01, -4.26454271e-01,\n",
              "        -4.61035873e-01, -2.24744840e-01,  2.45220931e-01,\n",
              "        -2.21171318e-01,  1.00000000e+00, -1.62739637e-01,\n",
              "         1.24062083e-01,  2.27367673e-01,  1.24062083e-01],\n",
              "       [-3.38677182e-01, -9.24603774e-02,  2.54403100e-01,\n",
              "         2.26874955e-01,  2.32783909e-01,  2.27027570e-01,\n",
              "         9.05835772e-02,  4.49302566e-02, -2.49961249e-01,\n",
              "         7.23694329e-01,  1.29675181e-01,  4.03353369e-01,\n",
              "         1.37120083e-01, -1.53512872e-01,  5.54734751e-01,\n",
              "         1.64864822e-01,  4.50616825e-01,  3.31297670e-02,\n",
              "        -2.83727420e-02, -1.62739637e-01,  1.00000000e+00,\n",
              "        -2.80312943e-01, -9.24603774e-02, -2.80312943e-01],\n",
              "       [-2.25754866e-01,  2.44604954e-01, -1.95276670e-01,\n",
              "        -1.89213077e-01, -1.85905178e-01, -1.81685367e-01,\n",
              "        -1.91140661e-01,  1.19301183e-01, -1.89823488e-01,\n",
              "        -3.42564931e-01, -2.86367573e-01, -5.33584230e-02,\n",
              "        -1.95421160e-01, -2.33611612e-01,  7.56570388e-03,\n",
              "         4.97970366e-01, -4.86475594e-01, -4.51628673e-01,\n",
              "        -3.02207182e-01,  1.24062083e-01, -2.80312943e-01,\n",
              "         1.00000000e+00,  2.44604954e-01,  1.00000000e+00],\n",
              "       [ 9.94463891e-02,  1.00000000e+00,  6.05310418e-02,\n",
              "         1.66262231e-01,  5.59336761e-01,  2.27874430e-02,\n",
              "        -6.61631955e-01,  5.76150086e-01, -9.60664944e-02,\n",
              "         7.88940961e-02, -3.15495479e-01, -2.87149415e-01,\n",
              "         1.35210471e-01,  3.21660267e-02,  2.59174583e-01,\n",
              "        -3.16824945e-01, -5.19267930e-01, -2.00713616e-01,\n",
              "        -2.71882791e-01,  2.27367673e-01, -9.24603774e-02,\n",
              "         2.44604954e-01,  1.00000000e+00,  2.44604954e-01],\n",
              "       [-2.25754866e-01,  2.44604954e-01, -1.95276670e-01,\n",
              "        -1.89213077e-01, -1.85905178e-01, -1.81685367e-01,\n",
              "        -1.91140661e-01,  1.19301183e-01, -1.89823488e-01,\n",
              "        -3.42564931e-01, -2.86367573e-01, -5.33584230e-02,\n",
              "        -1.95421160e-01, -2.33611612e-01,  7.56570388e-03,\n",
              "         4.97970366e-01, -4.86475594e-01, -4.51628673e-01,\n",
              "        -3.02207182e-01,  1.24062083e-01, -2.80312943e-01,\n",
              "         1.00000000e+00,  2.44604954e-01,  1.00000000e+00]])"
            ]
          },
          "metadata": {
            "tags": []
          },
          "execution_count": 164
        }
      ]
    },
    {
      "cell_type": "markdown",
      "metadata": {
        "id": "7hCTBOpgR2GZ"
      },
      "source": [
        "ทำการวนลูปหาค่า correlation ที่ซ้ำกัน เพื่อนำค่าที่ซ้ำกันออก"
      ]
    },
    {
      "cell_type": "code",
      "metadata": {
        "id": "7G_FXM9MRy5I",
        "colab": {
          "base_uri": "https://localhost:8080/"
        },
        "outputId": "affb03bf-372a-4829-eae5-678848e9d9bc"
      },
      "source": [
        "###คำสั่งในการวนลูปเพื่อที่จะหาค่าว่าซ้ำกันหรือไม่ โดยหากมีการแสดงผลข้อมูลนั้นหมายความว่ามีค่าที่ซ้ำกัน\n",
        "for i in range(corr.shape[0]): \n",
        "  for j in range(corr.shape[1]):\n",
        "    if (i != j) and (corr[i,j] == 1.):\n",
        "      print (f' row={i} column={j} corrcoef={corr[i,j]}')"
      ],
      "execution_count": 165,
      "outputs": [
        {
          "output_type": "stream",
          "text": [
            " row=1 column=22 corrcoef=1.0\n",
            " row=21 column=23 corrcoef=1.0\n",
            " row=22 column=1 corrcoef=1.0\n",
            " row=23 column=21 corrcoef=1.0\n"
          ],
          "name": "stdout"
        }
      ]
    },
    {
      "cell_type": "markdown",
      "metadata": {
        "id": "OCXl0T-BStrR"
      },
      "source": [
        "จากการวนลูป จะเห็นได้ว่ามี correlation ที่ซ้ำกันอยู่ ดังนั้นจึงต้องทำการนำข้อมูลที่ซ้ำกันออกก่อน จึงจะนำข้อมูลไปใช้ได้"
      ]
    },
    {
      "cell_type": "code",
      "metadata": {
        "id": "0FMtKqOcRlTH",
        "colab": {
          "base_uri": "https://localhost:8080/",
          "height": 422
        },
        "outputId": "334433e0-2f0d-45c6-bcd4-74a7a1ec1727"
      },
      "source": [
        "new_Data=Data.iloc[:,1:21]\n",
        "new_Data"
      ],
      "execution_count": 159,
      "outputs": [
        {
          "output_type": "execute_result",
          "data": {
            "text/html": [
              "<div>\n",
              "<style scoped>\n",
              "    .dataframe tbody tr th:only-of-type {\n",
              "        vertical-align: middle;\n",
              "    }\n",
              "\n",
              "    .dataframe tbody tr th {\n",
              "        vertical-align: top;\n",
              "    }\n",
              "\n",
              "    .dataframe thead th {\n",
              "        text-align: right;\n",
              "    }\n",
              "</style>\n",
              "<table border=\"1\" class=\"dataframe\">\n",
              "  <thead>\n",
              "    <tr style=\"text-align: right;\">\n",
              "      <th></th>\n",
              "      <th>1</th>\n",
              "      <th>2</th>\n",
              "      <th>3</th>\n",
              "      <th>4</th>\n",
              "      <th>5</th>\n",
              "      <th>6</th>\n",
              "      <th>7</th>\n",
              "      <th>8</th>\n",
              "      <th>9</th>\n",
              "      <th>10</th>\n",
